1
1000
101
103
107
109
113
119
124
125
126
127
128
13
133
14
144
156
158
160
162
163
164
165
17
170
171
173
174
175
176
178
18
181
182
184
186
191
193
196
197
2
20
202
203
207
21
211
212
213
214
215
217
218
219
221
222
227
228
229
23
231
234
235
239
24
242
25
252
255
257
258
259
261
266
269
27
270
274
278
279
280
281
282
283
284
285
286
287
288
289
292
293
294
295
296
297
301
309
312
313
317
318
32
321
323
324
33
330
331
332
336
337
338
347
35
350
351
356
357
36
360
361
363
367
368
370
371
372
374
377
38
382
383
384
387
39
390
393
395
396
400
401
404
409
41
410
411
416
417
418
422
423
426
429
434
438
439
44
440
442
445
448
450
451
452
453
454
455
456
459
460
461
463
464
466
469
470
473
474
475
477
487
491
492
5
50
501
504
505
51
510
512
515
52
520
522
523
524
527
529
533
536
542
543
545
550
558
561
562
563
564
569
571
572
574
575
576
581
585
586
588
593
597
6
604
607
608
609
61
615
619
62
621
623
626
628
634
635
637
638
639
640
641
642
650
651
652
655
657
658
660
670
671
672
675
68
681
684
685
690
699
7
70
700
702
705
707
709
712
714
72
721
722
723
727
733
734
735
736
738
74
742
745
752
756
76
762
767
768
769
770
772
773
774
775
782
789
792
793
794
795
799
80
800
802
806
807
812
813
814
819
822
828
829
833
834
835
837
839
84
840
841
842
843
845
85
850
851
855
856
858
859
860
862
863
867
873
874
875
876
878
879
881
885
89
894
896
898
900
901
902
904
905
907
909
911
927
929
93
931
934
935
936
938
939
94
940
950
952
953
954
955
956
957
958
959
961
962
963
964
965
967
972
973
974
977
978
98
981
982
985
986
989
990
991
995
996
998
999
